260.15429999999975 0 0
259.8020999999997 16.93 0.01
258.3850999999999 35.74 0.02
256.36459999999954 56.07 0.03
254.24539999999965 77.2 0.04
252.39089999999942 98.55000000000001 0.05
249.80189999999914 121.02 0.06
246.37419999999923 144.83 0.07
245.33549999999946 166.64000000000001 0.08
243.5361999999996 189.35999999999999 0.09
241.56529999999904 212.5 0.1
241.06879999999913 234.3 0.11
240.01549999999907 256.68 0.12
237.50039999999927 280.67 0.13
235.79179999999894 304.08000000000004 0.14
234.06739999999914 327.59999999999997 0.15
